0	-18.731796	0.013733	1400.000000
1	-45.531525	0.001921	1050.000000
2	-47.640404	0.000480	1300.000000
3	-45.944706	-0.003414	1350.000000
4	-47.237816	0.002452	1300.000000
5	-48.603268	-0.000016	1750.000000
6	-48.201511	-0.000957	1450.000000
7	-47.822056	0.000146	1250.000000
8	-51.027023	-0.000053	2250.000000
9	-49.700691	-0.000599	1350.000000
10	-45.951115	0.001520	1200.000000
11	-49.897575	0.000773	1400.000000
12	-49.633102	-0.001398	1600.000000
13	-49.940838	0.000974	1300.000000
14	-47.881516	-0.000431	900.000000
15	-46.812397	0.000939	700.000000
16	-46.251293	0.000974	750.000000
17	-47.097038	-0.002564	1800.000000
18	-46.148998	-0.000909	750.000000
19	-47.495823	0.001702	1400.000000
20	-47.126778	0.003268	900.000000
21	-42.954174	-0.006021	350.000000
22	-43.466526	0.001674	700.000000
23	-43.355537	-0.004523	600.000000
24	-36.528736	0.010850	450.000000
25	-35.749508	-0.001192	150.000000
26	-33.928688	-0.008859	50.000000
27	-37.263245	-0.000861	200.000000
28	-36.277462	0.013770	0.000000
29	-36.139851	-0.010673	500.000000
30	-39.513973	0.001114	300.000000
31	-30.468967	-0.006856	50.000000
32	-36.713131	0.009634	350.000000
33	-35.064865	-0.003916	350.000000
34	-34.911598	0.001090	200.000000
35	-35.221298	-0.006723	100.000000
36	-32.542198	0.016385	200.000000
37	-37.191246	-0.005431	350.000000
38	-35.015240	0.003496	350.000000
39	-39.776871	-0.009060	0.000000
40	-38.200432	-0.002894	300.000000
41	-38.045338	0.003953	150.000000
42	-39.775112	0.008001	550.000000
43	-39.801556	-0.007760	450.000000
44	-41.495640	-0.001475	500.000000
45	-37.588974	0.007733	300.000000
46	-33.723557	-0.010971	350.000000
47	-43.146904	0.004019	900.000000
48	-39.298286	-0.003254	150.000000
49	-38.626633	0.008708	600.000000
50	-44.724945	0.002207	450.000000
51	-36.544434	-0.011285	350.000000
52	-39.510254	0.003496	250.000000
53	-33.463280	0.008868	150.000000
54	-37.962181	-0.004902	250.000000
55	-40.805325	-0.006126	550.000000
56	-44.645256	-0.002246	950.000000
57	-38.054234	0.010090	650.000000
58	-39.379948	-0.005940	150.000000
59	-41.735306	0.002934	900.000000
60	-42.603394	0.003796	350.000000
61	-39.518684	-0.005563	1400.000000
62	-45.075924	0.000441	550.000000
63	-42.593971	0.002748	800.000000
64	-40.530922	-0.001888	550.000000
65	-40.373669	-0.000797	400.000000
66	-44.284466	-0.002862	800.000000
67	-40.519180	0.004252	650.000000
68	-39.858154	-0.003827	600.000000
69	-42.163902	0.006978	400.000000
70	-37.221489	-0.006242	100.000000
71	-45.296398	0.001112	1000.000000
72	-43.885151	0.004265	850.000000
73	-43.060276	-0.005227	600.000000
74	-49.709492	-0.000356	1500.000000
75	-46.083054	0.002998	1100.000000
76	-45.720505	0.002210	1400.000000
77	-49.225018	-0.000785	1450.000000
78	-47.536903	-0.002406	1700.000000
79	-47.880196	-0.000746	2000.000000
80	-47.255966	0.001313	1400.000000
81	-49.046913	-0.000580	1450.000000
82	-47.018276	-0.001200	1150.000000
83	-46.290340	-0.002359	1050.000000
84	-43.120609	0.002721	1450.000000
85	-41.238522	0.002462	1350.000000
86	-43.519756	-0.001946	550.000000
87	-46.624519	0.000983	1450.000000
88	-46.421795	0.001947	950.000000
89	-47.393322	0.000358	1800.000000
90	-44.239117	-0.003743	1200.000000
91	-35.097263	-0.000270	2400.000000
92	-47.430935	-0.000916	1250.000000
93	-48.717384	0.000843	2000.000000
94	-48.787849	0.000083	1900.000000
95	-47.179909	0.002703	1500.000000
96	-46.006729	0.000419	1400.000000
97	-45.829010	-0.001879	1700.000000
98	-47.126396	0.001313	1350.000000
99	-44.527889	0.000057	1300.000000
100	-46.118198	-0.002836	900.000000
101	-47.605789	-0.002456	1500.000000
102	-46.951191	0.002188	1600.000000
103	-36.221825	0.002320	1050.000000
104	-37.736557	-0.001588	1800.000000
105	-43.482903	-0.002948	2350.000000
106	-43.374454	0.001363	1400.000000
107	-40.717682	0.005599	1050.000000
108	-43.256260	-0.001533	1400.000000
109	-44.677254	-0.003164	1550.000000
110	-44.348671	0.001128	1700.000000
111	-46.104172	0.001451	1800.000000
112	-45.397564	0.000161	1500.000000
113	-47.111942	-0.000739	1350.000000
114	-46.334972	-0.001790	1350.000000
115	-45.467773	0.003239	1000.000000
116	-46.425697	0.000978	1650.000000
117	-43.677944	-0.003371	1350.000000
118	-44.089130	-0.003287	800.000000
119	-46.456966	0.003225	1100.000000
120	-44.643364	0.004106	800.000000
121	-45.979084	-0.002180	900.000000
122	-46.052094	-0.003323	900.000000
123	-45.301659	0.000727	950.000000
124	-45.068100	0.003238	1200.000000
125	-45.194309	-0.002905	1200.000000
126	-46.390350	-0.001558	1050.000000
127	-46.001492	0.000884	1200.000000
128	-43.407940	0.003749	1350.000000
129	-49.200539	-0.000244	1450.000000
130	-48.845345	-0.001469	1450.000000
131	-43.984821	-0.004466	1000.000000
132	-45.743927	0.003601	1050.000000
133	-46.880054	0.002633	1500.000000
134	-47.203579	-0.000941	950.000000
135	-47.722874	-0.001692	1150.000000
136	-51.195107	0.000105	1900.000000
137	-47.848320	0.001040	1450.000000
138	-49.209499	0.000160	1300.000000
139	-44.455715	-0.001677	700.000000
140	-43.668907	0.000898	950.000000
141	-43.190556	0.002507	850.000000
142	-37.131573	0.003004	500.000000
143	-24.263914	-0.016813	100.000000
144	-20.402390	-0.011751	400.000000
145	-18.838003	0.009462	150.000000
146	-16.375664	0.012598	100.000000
147	-16.579992	-0.008990	100.000000
148	-16.734840	-0.022366	300.000000
149	-16.563402	0.038360	100.000000
150	-21.027563	-0.059719	1150.000000
151	-16.895285	0.083617	1500.000000
152	-17.961798	-0.048201	2300.000000
153	-22.926933	-0.016940	3650.000000
154	-24.901463	0.047707	650.000000
155	-34.416088	0.009350	250.000000
156	-34.294430	-0.018974	0.000000
157	-41.645157	-0.004805	700.000000
158	-48.392269	-0.001292	1100.000000
159	-44.303295	0.003359	1100.000000
160	-24.747818	-0.005363	850.000000
161	-19.579767	0.007967	1000.000000
162	-20.024721	0.019785	400.000000
163	-12.299119	0.005110	300.000000
164	-10.902419	-0.051190	300.000000
165	-11.016856	0.015027	350.000000
166	-12.014144	-0.000114	300.000000
167	-15.293899	-0.008658	300.000000
168	-15.413624	-0.008111	250.000000
169	-15.635470	0.006614	200.000000
170	-16.254841	0.007717	200.000000
171	-16.742592	0.010199	200.000000
172	-15.918144	0.017068	200.000000
173	-15.195634	0.019634	300.000000
174	-14.873082	0.001771	100.000000
175	-15.590809	-0.011152	100.000000
176	-16.117786	0.002285	300.000000
177	-16.709320	0.000521	200.000000
178	-17.828012	-0.020506	200.000000
179	-20.580194	-0.014119	400.000000
180	-17.742914	0.004550	100.000000
181	-15.670096	-0.026664	400.000000
182	-29.625647	0.002231	1500.000000
183	-24.232008	0.027128	550.000000
184	-24.456816	-0.003385	300.000000
185	-23.162508	-0.006597	300.000000
186	-18.862337	0.023345	200.000000
187	-16.130686	0.025830	150.000000
188	-15.196933	-0.043490	100.000000
189	-15.470068	-0.011759	200.000000
190	-14.782499	-0.009735	200.000000
191	-15.001721	0.023217	250.000000
192	-14.821338	0.015165	250.000000
193	-16.003309	-0.018214	300.000000
194	-16.279932	-0.000134	400.000000
195	-16.327883	-0.005283	350.000000
196	-14.459406	0.043000	350.000000
197	-15.017624	-0.039662	100.000000
198	-15.985410	-0.012547	250.000000
199	-16.282249	0.024565	600.000000
200	-15.669087	0.002492	750.000000
201	-17.639574	-0.020464	700.000000
202	-18.511816	0.002204	850.000000
203	-16.259647	0.027365	550.000000
204	-15.608876	-0.010384	500.000000
205	-14.817607	-0.021282	400.000000
206	-13.173726	0.037317	350.000000
207	-14.473350	-0.020435	400.000000
208	-15.885873	-0.006628	350.000000
209	-16.037878	-0.010655	400.000000
210	-15.909019	-0.005774	350.000000
211	-15.793848	0.029061	300.000000
212	-17.204752	0.013536	450.000000
213	-21.210932	-0.015962	200.000000
214	-28.957865	-0.007533	400.000000
215	-29.527479	0.004812	200.000000
216	-35.296589	0.002143	150.000000
217	-33.478104	-0.006388	350.000000
218	-37.093388	-0.001451	400.000000
219	-31.968987	-0.004073	2000.000000
220	-35.023224	0.000053	2550.000000
221	-22.890192	0.047699	900.000000
222	-20.742071	-0.080329	100.000000
223	-24.508898	0.024406	550.000000
224	-20.871185	0.029057	450.000000
225	-19.904392	-0.009757	100.000000
226	-19.926710	-0.017723	100.000000
227	-21.022646	-0.002448	100.000000
228	-22.255846	0.006890	100.000000
229	-26.191805	-0.005112	100.000000
230	-27.783411	0.020119	200.000000
231	-33.399830	-0.004982	600.000000
232	-35.348942	-0.013104	700.000000
233	-35.055523	0.002544	150.000000
234	-31.706230	0.013578	550.000000
235	-28.146700	0.002274	3150.000000
236	-32.038731	-0.003322	3550.000000
237	-30.883224	0.000462	3550.000000
238	-30.991516	-0.003130	3000.000000
239	-36.669666	-0.007009	1950.000000
240	-22.943050	-0.000213	450.000000
241	-18.701992	0.000696	200.000000
242	-19.736925	-0.001362	500.000000
243	-21.020199	-0.000175	350.000000
244	-21.443951	0.029644	950.000000
245	-21.384861	-0.036384	350.000000
246	-17.844826	-0.021498	700.000000
247	-26.815250	0.031010	650.000000
248	-30.414217	0.022103	1550.000000
249	-35.120556	-0.007570	3100.000000
250	-35.950325	-0.001860	3000.000000
251	-32.257915	-0.014646	2950.000000
252	-32.443008	-0.013870	1700.000000
253	-20.638235	0.060205	250.000000
254	-22.957777	-0.038065	150.000000
255	-20.092035	-0.042453	100.000000
256	-19.195211	0.014708	250.000000
257	-16.636257	0.046577	200.000000
258	-18.236839	-0.000143	350.000000
259	-18.331804	-0.024164	200.000000
260	-18.727798	-0.005103	200.000000
261	-17.671721	-0.011855	250.000000
262	-16.016026	0.046170	200.000000
263	-19.533625	-0.018820	150.000000
264	-19.874317	-0.013797	100.000000
265	-20.146027	-0.007335	300.000000
266	-18.735367	0.026439	350.000000
267	-19.295179	-0.007078	350.000000
268	-20.558222	-0.011465	300.000000
269	-20.364819	-0.006380	300.000000
270	-19.946098	0.014529	250.000000
271	-19.021717	0.018912	150.000000
272	-20.008610	-0.023002	100.000000
273	-17.090176	-0.004645	200.000000
274	-16.856821	-0.008925	200.000000
275	-16.776083	-0.004295	250.000000
276	-17.008879	0.010201	200.000000
277	-17.147467	0.020151	200.000000
278	-17.104847	-0.008442	300.000000
279	-18.018501	-0.014754	550.000000
280	-15.633142	-0.009784	200.000000
281	-19.069242	0.010227	250.000000
282	-15.633160	0.018452	100.000000
283	-17.087437	-0.005734	100.000000
284	-15.532297	-0.017002	100.000000
285	-16.261305	-0.012756	150.000000
286	-18.080292	0.010040	100.000000
287	-20.679165	0.018004	300.000000
288	-22.669785	0.004110	200.000000
289	-29.477821	-0.006415	100.000000
290	-24.359632	-0.008222	1000.000000
291	-13.467163	0.112740	500.000000
292	-16.636562	-0.093523	150.000000
293	-17.091106	-0.084801	200.000000
294	-20.315948	0.050831	450.000000
295	-18.102932	0.043137	150.000000
296	-17.056393	-0.003913	350.000000
297	-17.351812	-0.035742	400.000000
298	-16.919991	0.017225	200.000000
299	-16.613911	0.024769	200.000000
300	-17.693911	0.018207	300.000000
301	-18.545124	-0.009275	300.000000
302	-19.865685	-0.006123	400.000000
303	-24.085474	-0.013883	400.000000
304	-24.111053	0.005837	300.000000
305	-23.538332	-0.013832	200.000000
306	-24.301676	-0.001509	800.000000
307	-20.618010	0.080306	200.000000
308	-18.086185	-0.112930	50.000000
309	-31.335321	-0.023882	150.000000
310	-27.295740	0.038545	200.000000
311	-24.985491	0.052528	0.000000
312	-32.275372	-0.014007	1300.000000
313	-32.714622	-0.018684	600.000000
314	-36.296371	-0.001292	1450.000000
315	-33.872829	0.000917	1750.000000
316	-21.466053	-0.017561	650.000000
317	-14.599009	0.028478	350.000000
318	-15.139148	-0.004719	300.000000
319	-14.765183	-0.020543	400.000000
320	-14.753544	0.005583	250.000000
321	-11.755066	0.049922	350.000000
322	-12.186277	-0.027210	550.000000
323	-14.613109	-0.004158	350.000000
324	-18.891142	-0.060836	1000.000000
325	-20.708611	0.027340	450.000000
326	-15.985002	0.047095	50.000000
327	-21.217945	-0.043069	850.000000
328	-22.938368	-0.007764	1500.000000
329	-23.826149	-0.010865	1250.000000
330	-16.027514	0.034705	450.000000
331	-18.894146	-0.010821	2550.000000
332	-23.721149	-0.003829	3400.000000
333	-20.927998	0.057916	1700.000000
334	-21.519436	-0.036513	2250.000000
335	-24.521976	-0.005758	2150.000000
336	-23.460340	0.005280	850.000000
337	-16.959913	0.011242	150.000000
338	-14.832542	-0.029161	300.000000
339	-14.651945	0.018653	250.000000
340	-13.276454	-0.005512	250.000000
341	-16.981478	-0.004519	300.000000
342	-25.760490	-0.001285	300.000000
343	-28.139065	0.012739	100.000000
344	-28.085945	0.003358	300.000000
345	-29.860531	-0.001744	250.000000
346	-29.038593	-0.007769	100.000000
347	-27.111629	-0.004171	200.000000
348	-20.661339	-0.002004	300.000000
349	-18.910807	-0.005943	300.000000
350	-19.024906	-0.006630	150.000000
351	-18.061218	0.003055	100.000000
352	-19.923161	0.001140	100.000000
353	-22.293118	0.001806	100.000000
354	-22.402491	0.001371	100.000000
355	-22.584351	-0.001091	100.000000
356	-21.898350	0.001294	100.000000
357	-21.836290	0.007711	100.000000
358	-21.166262	-0.012257	100.000000
359	-21.051960	-0.008681	100.000000
360	-18.957209	0.003419	50.000000
361	-18.651484	0.005558	100.000000
362	-18.628531	-0.004950	50.000000
363	-19.634150	-0.006250	100.000000
364	-20.430998	0.018801	250.000000
365	-20.455826	0.003021	150.000000
366	-21.385036	-0.001721	100.000000
367	-21.731350	-0.001526	100.000000
368	-21.355637	0.009099	100.000000
369	-20.636896	0.020564	100.000000
370	-21.921555	-0.005134	150.000000
371	-20.452751	-0.014741	100.000000
372	-21.691933	-0.004028	100.000000
373	-21.505196	-0.002362	100.000000
374	-18.511753	-0.000884	250.000000
375	-18.043148	-0.007346	250.000000
376	-18.874907	-0.008532	150.000000
377	-18.977337	0.009018	200.000000
378	-19.755280	-0.000386	100.000000
379	-22.215584	-0.001372	100.000000
380	-23.381870	0.006344	200.000000
381	-22.866505	0.005727	200.000000
382	-23.219059	-0.004861	100.000000
383	-23.423218	-0.002793	50.000000
384	-23.603128	-0.000712	200.000000
385	-27.059361	0.004054	150.000000
386	-32.117401	0.005272	500.000000
387	-33.393139	0.002995	150.000000
388	-37.757027	0.000952	250.000000
389	-39.437199	-0.001229	300.000000
390	-30.063292	-0.001666	500.000000
391	-35.244804	0.001020	500.000000
392	-30.765814	0.011300	650.000000
393	-23.823641	0.007271	500.000000
394	-15.999231	-0.020722	400.000000
395	-14.884896	-0.001029	350.000000
396	-14.576601	-0.010649	200.000000
397	-14.404894	-0.013463	300.000000
398	-15.210649	0.011298	350.000000
399	-14.191297	0.036352	200.000000
400	-14.670874	-0.000377	250.000000
401	-17.869913	-0.017348	100.000000
402	-18.490385	-0.005070	300.000000
403	-18.170542	-0.011444	200.000000
404	-17.908539	0.008022	250.000000
405	-16.380571	0.031145	250.000000
406	-17.081461	-0.026264	200.000000
407	-18.151699	0.001754	250.000000
408	-18.062273	-0.008738	250.000000
409	-18.281736	-0.002617	250.000000
410	-17.339319	0.023728	200.000000
411	-20.335182	-0.003180	250.000000
412	-22.999096	-0.009924	200.000000
413	-25.615150	-0.003321	300.000000
414	-19.427090	-0.001342	400.000000
415	-14.938380	0.005724	500.000000
416	-13.013906	-0.007819	350.000000
417	-12.928820	-0.000247	500.000000
418	-13.187683	0.017927	450.000000
419	-14.672892	-0.000016	450.000000
420	-14.286239	-0.001451	350.000000
421	-15.450473	-0.007156	400.000000
422	-17.082230	-0.004067	300.000000
423	-23.278040	-0.002741	350.000000
424	-27.694790	0.002346	150.000000
425	-26.399319	0.003655	650.000000
426	-21.399195	-0.000946	600.000000
427	-18.606609	0.005120	400.000000
428	-19.164185	-0.003842	550.000000
429	-19.336380	-0.006899	400.000000
430	-19.981035	0.002769	700.000000
431	-21.427475	0.001621	100.000000
432	-21.705210	-0.003581	300.000000
433	-21.507641	-0.001684	200.000000
434	-21.517754	0.002574	200.000000
435	-22.008953	0.000111	200.000000
436	-22.220890	-0.001830	200.000000
437	-21.985167	0.000488	200.000000
438	-24.122738	0.003524	200.000000
439	-28.794756	0.001307	150.000000
440	-36.584808	-0.000772	300.000000
441	-25.524075	-0.008415	1300.000000
442	-23.526224	0.035908	450.000000
443	-18.337770	-0.046177	300.000000
444	-16.402843	0.000989	300.000000
445	-17.769157	-0.012858	400.000000
446	-19.175398	0.018731	300.000000
447	-21.222561	0.009987	250.000000
448	-22.404499	-0.000497	250.000000
449	-22.123713	0.000468	600.000000
450	-20.131374	0.002057	300.000000
451	-18.425125	-0.002136	400.000000
452	-18.758627	0.001081	400.000000
453	-19.194288	-0.000091	300.000000
454	-26.798964	-0.001259	100.000000
455	-30.160234	-0.000653	100.000000
456	-29.399185	0.000975	200.000000
457	-18.673092	0.014602	500.000000
458	-18.867685	0.000576	200.000000
459	-19.725882	-0.008401	500.000000
460	-19.797956	0.007128	200.000000
461	-20.888470	0.002688	500.000000
462	-22.289164	-0.002597	300.000000
463	-22.828629	0.000941	150.000000
464	-26.378717	-0.005482	150.000000
465	-31.111412	-0.006036	200.000000
466	-33.094254	-0.002681	350.000000
467	-35.177696	0.002000	250.000000
468	-26.159412	0.005025	350.000000
469	-31.319124	-0.004069	750.000000
470	-44.824543	0.000091	800.000000
471	-29.651379	-0.001496	800.000000
472	-33.632919	0.008960	600.000000
473	-22.884760	0.001385	200.000000
474	-20.789585	-0.008995	250.000000
475	-20.647184	0.005851	250.000000
476	-20.737616	-0.004278	400.000000
477	-23.163364	-0.002460	150.000000
478	-26.849703	0.002035	200.000000
479	-33.189163	0.005172	400.000000
480	-35.514065	-0.008035	950.000000
481	-31.528015	-0.002759	2900.000000
482	-30.749361	0.000691	3200.000000
483	-24.858480	0.019034	1100.000000
484	-21.288074	-0.033479	150.000000
485	-25.547281	0.020332	1000.000000
486	-26.512686	-0.039986	50.000000
487	-28.512846	0.036181	0.000000
488	-33.829144	0.016180	500.000000
489	-39.573387	-0.008390	650.000000
490	-41.438568	-0.006784	850.000000
491	-34.946281	-0.000454	1500.000000
492	-32.497433	-0.000777	2100.000000
493	-32.417992	0.016463	1900.000000
494	-27.631577	-0.025207	200.000000
495	-23.343452	-0.006336	300.000000
496	-23.468260	0.013426	400.000000
497	-30.026892	0.001227	650.000000
498	-46.944462	0.000663	1050.000000
499	-47.962669	0.001003	900.000000
500	-49.743145	0.000708	1450.000000
501	-45.103516	-0.000527	1300.000000
502	-33.093861	-0.000529	1500.000000
503	-25.917822	0.011598	1000.000000
504	-18.682304	-0.000998	350.000000
505	-15.217874	0.003921	350.000000
506	-14.881455	-0.010704	400.000000
507	-16.423204	-0.002574	300.000000
508	-18.661589	-0.001754	300.000000
509	-22.384083	-0.005263	400.000000
510	-26.627710	0.010601	700.000000
511	-31.053490	-0.004887	1700.000000
512	-27.953966	-0.006030	1500.000000
513	-25.880699	0.013595	900.000000
514	-30.023722	-0.009586	900.000000
515	-32.300648	-0.003455	300.000000
516	-34.495632	0.008150	400.000000
517	-34.146374	0.003847	200.000000
518	-24.461922	-0.002901	1100.000000
519	-19.505018	0.011659	500.000000
520	-17.687510	-0.010065	400.000000
521	-17.995720	-0.008625	500.000000
522	-18.825716	0.004011	400.000000
523	-18.696438	-0.000626	500.000000
524	-19.589621	0.003005	500.000000
525	-20.500031	0.000136	300.000000
526	-20.358673	0.003842	400.000000
527	-20.767586	0.002943	250.000000
528	-19.624695	0.002418	300.000000
529	-18.793213	-0.001091	400.000000
530	-18.496157	-0.003507	350.000000
531	-18.726639	0.001677	400.000000
532	-19.432306	0.008158	300.000000
533	-19.482697	0.006866	350.000000
534	-19.146202	-0.004963	600.000000
535	-18.926147	-0.002076	500.000000
536	-18.158596	-0.001163	500.000000
537	-18.342274	-0.003199	300.000000
538	-17.928938	-0.005213	300.000000
539	-17.319572	0.008438	400.000000
540	-17.218262	0.008503	400.000000
541	-16.640856	0.001853	450.000000
542	-15.335733	-0.019228	400.000000
543	-14.675911	0.000811	350.000000
544	-13.651009	0.003219	350.000000
545	-12.567336	-0.011955	350.000000
546	-12.270867	-0.023966	300.000000
547	-11.968140	0.016158	350.000000
548	-10.393979	0.013319	350.000000
549	-12.452890	-0.002170	500.000000
550	-13.697178	-0.017192	600.000000
551	-14.467260	0.024119	350.000000
552	-16.030321	-0.001415	550.000000
553	-21.076271	-0.003558	400.000000
554	-22.182775	0.013558	150.000000
555	-23.509943	-0.032425	150.000000
556	-29.027084	-0.003227	500.000000
557	-21.386940	0.028770	200.000000
558	-30.454449	-0.001351	1250.000000
559	-32.392342	0.000946	250.000000
560	-36.722721	-0.010877	800.000000
561	-31.841661	0.014350	350.000000
562	-30.250631	-0.012687	50.000000
563	-31.939249	-0.024008	0.000000
564	-37.138481	0.010942	350.000000
565	-36.032318	0.015198	0.000000
566	-47.069977	0.001029	1050.000000
567	-48.610008	-0.000821	1700.000000
568	-47.145283	-0.001747	850.000000
569	-46.546089	-0.000684	1200.000000
570	-49.231255	-0.000276	1100.000000
571	-50.530403	-0.000513	2100.000000
572	-46.289532	-0.001441	1350.000000
573	-49.069408	-0.000692	1550.000000
574	-48.089703	0.000465	1750.000000
575	-35.166405	0.003400	1150.000000
576	-44.485344	-0.000801	900.000000
577	-44.587406	-0.003246	1150.000000
578	-47.442005	-0.000224	1350.000000
579	-41.756187	0.003994	200.000000
580	-46.676132	-0.001309	1250.000000
581	-46.931438	-0.001893	450.000000
582	-45.722050	-0.000677	650.000000
583	-47.637047	0.000356	1100.000000
584	-32.888481	0.008440	400.000000
585	-37.739925	-0.004763	400.000000
586	-38.494217	-0.009411	100.000000
587	-40.314774	0.006258	1050.000000
588	-33.701084	-0.001308	1450.000000
589	-32.014740	0.001090	1050.000000
590	-39.856155	0.007784	500.000000
591	-41.911835	-0.005393	650.000000
592	-35.044731	-0.000863	450.000000
593	-23.457502	0.002041	150.000000
594	-24.026062	-0.001607	100.000000
595	-24.619217	0.004802	200.000000
596	-24.808681	0.000752	400.000000
597	-24.571177	0.005412	300.000000
598	-24.842003	0.001190	200.000000
599	-24.296204	0.000046	150.000000
600	-24.320576	-0.003913	300.000000
601	-24.695154	-0.003727	200.000000
602	-24.406761	-0.004181	200.000000
603	-24.727922	-0.004223	300.000000
604	-23.629438	-0.004791	400.000000
605	-23.513430	-0.003258	200.000000
606	-24.568596	0.004990	250.000000
607	-30.461075	0.010355	400.000000
608	-20.820116	0.007068	100.000000
609	-22.330994	0.009251	100.000000
610	-23.751558	-0.020095	50.000000
611	-27.005787	-0.012833	100.000000
612	-22.864756	-0.001684	150.000000
613	-19.823582	0.017643	150.000000
614	-16.418085	0.010215	150.000000
615	-12.097864	0.047399	200.000000
616	-14.089109	-0.040941	250.000000
617	-17.075367	-0.022189	350.000000
618	-17.593458	0.004555	400.000000
619	-18.976723	0.008749	250.000000
620	-27.609339	-0.012095	100.000000
621	-29.653849	0.005133	150.000000
622	-34.927601	-0.003740	300.000000
623	-32.690956	0.001694	250.000000
624	-36.390667	-0.002684	350.000000
625	-39.763920	-0.002168	600.000000
626	-30.743021	-0.005310	900.000000
627	-19.247330	0.036349	350.000000
628	-16.778629	-0.011121	350.000000
629	-16.183384	-0.027740	350.000000
630	-16.008709	0.003491	400.000000
631	-14.764102	-0.017902	300.000000
632	-16.124611	0.012918	350.000000
633	-16.706562	0.018638	300.000000
634	-16.450918	0.015552	250.000000
635	-17.520269	-0.020865	200.000000
636	-19.535563	0.000079	400.000000
637	-20.332211	-0.009184	100.000000
638	-22.459940	-0.002386	150.000000
639	-24.531796	0.012383	100.000000
640	-31.925467	0.006266	550.000000
641	-30.964275	-0.013734	1200.000000
642	-38.394192	-0.006155	2400.000000
643	-35.203850	0.000525	2350.000000
644	-28.745676	0.015320	1650.000000
645	-22.330622	0.054004	650.000000
646	-21.990211	-0.075095	0.000000
647	-27.447020	-0.031806	800.000000
648	-25.334229	0.021442	250.000000
649	-18.084993	0.057313	250.000000
650	-16.496611	-0.002386	300.000000
651	-15.316581	-0.027876	400.000000
652	-14.370869	0.023725	400.000000
653	-15.383603	-0.013455	350.000000
654	-16.993057	-0.012773	400.000000
655	-17.970436	-0.012325	350.000000
656	-16.652020	0.026678	550.000000
657	-18.263485	-0.003705	600.000000
658	-19.522465	-0.004277	450.000000
659	-19.305565	-0.007748	450.000000
660	-19.452787	-0.014445	350.000000
661	-18.027315	0.002626	500.000000
662	-16.510761	0.021816	400.000000
663	-15.745418	0.015259	400.000000
664	-15.725874	0.003690	400.000000
665	-15.650149	0.001543	400.000000
666	-15.830606	0.002683	350.000000
667	-16.435873	-0.000233	250.000000
668	-17.513134	-0.009740	400.000000
669	-17.246103	-0.009305	400.000000
670	-16.144951	0.015899	300.000000
671	-14.438652	0.008050	400.000000
672	-13.384598	-0.007580	400.000000
673	-13.542153	0.002467	300.000000
674	-13.512095	0.001095	300.000000
675	-13.283251	0.000445	400.000000
676	-13.510889	-0.000739	300.000000
677	-14.018547	-0.003629	300.000000
678	-15.358828	-0.004808	200.000000
679	-15.796072	0.003755	200.000000
680	-14.775298	-0.010024	200.000000
681	-10.791369	-0.009800	400.000000
682	-9.484073	-0.000417	450.000000
683	-9.924947	0.006611	400.000000
684	-9.969995	0.015031	400.000000
685	-10.195334	0.000873	450.000000
686	-10.345933	-0.011947	400.000000
687	-10.833206	0.002699	400.000000
688	-13.640704	-0.014074	400.000000
689	-18.537252	-0.019221	200.000000
690	-17.768484	0.009753	200.000000
691	-14.095944	0.026082	250.000000
692	-17.526510	-0.023835	250.000000
693	-17.209476	0.004725	200.000000
694	-17.219692	0.002934	250.000000
695	-16.789495	-0.009062	200.000000
696	-16.726921	-0.010046	200.000000
697	-16.631557	-0.007963	200.000000
698	-16.762419	0.005133	200.000000
699	-16.411764	0.015058	200.000000
700	-15.717176	0.025831	200.000000
701	-13.881702	-0.012199	650.000000
702	-13.313489	0.010155	450.000000
703	-13.625884	-0.022862	350.000000
704	-13.630351	-0.007945	400.000000
705	-14.009718	0.015851	400.000000
706	-14.312691	0.000468	450.000000
707	-14.391079	-0.008778	400.000000
708	-14.233676	-0.005710	400.000000
709	-14.239152	-0.004506	300.000000
710	-14.109838	-0.011346	300.000000
711	-13.850409	-0.000272	350.000000
712	-13.586257	0.005521	300.000000
713	-12.940904	0.011434	400.000000
714	-11.708078	0.023864	400.000000
715	-11.978556	0.015729	400.000000
716	-12.814930	-0.006779	450.000000
717	-13.164289	-0.011844	400.000000
718	-13.635406	-0.010121	400.000000
719	-14.436680	-0.004438	400.000000
720	-15.079774	0.006034	500.000000
721	-15.807009	0.006574	400.000000
722	-16.586142	-0.001983	400.000000
723	-17.739990	-0.008244	500.000000
724	-18.408613	0.000995	250.000000
725	-18.540129	0.001761	250.000000
726	-18.226583	-0.002086	350.000000
727	-18.490635	0.004426	400.000000
728	-18.440199	0.002102	350.000000
729	-18.451250	0.000839	300.000000
730	-18.815889	-0.001877	300.000000
731	-20.591209	0.001679	300.000000
732	-23.324062	0.004427	200.000000
733	-22.657862	0.001469	300.000000
734	-22.551737	-0.001307	250.000000
735	-22.578581	-0.004325	200.000000
736	-22.127859	-0.000410	300.000000
737	-20.633184	-0.001302	500.000000
738	-19.977720	-0.008863	500.000000
739	-19.490580	-0.006050	300.000000
740	-20.493189	-0.003777	500.000000
741	-20.876434	-0.001396	300.000000
742	-21.413851	0.001026	250.000000
743	-22.074230	-0.005570	150.000000
744	-21.898672	0.001475	250.000000
745	-22.003084	0.010712	300.000000
746	-22.220381	0.002661	200.000000
747	-22.291740	-0.003510	200.000000
748	-22.114616	0.000616	400.000000
749	-22.046385	0.002484	350.000000
750	-21.796099	0.006261	150.000000
751	-20.960667	0.000728	200.000000
752	-20.719406	-0.002513	200.000000
753	-20.415285	-0.000342	300.000000
754	-20.507452	0.005719	300.000000
755	-22.024900	0.012490	300.000000
756	-21.929207	-0.003931	150.000000
757	-23.088055	-0.010014	300.000000
758	-23.003609	-0.003054	400.000000
759	-26.782015	-0.004232	200.000000
760	-36.886040	-0.005541	550.000000
761	-40.892441	0.000274	700.000000
762	-39.582581	0.006102	550.000000
763	-41.172516	0.002654	500.000000
764	-42.613480	0.000084	400.000000
765	-43.230515	-0.002243	1250.000000
766	-44.819893	-0.000886	750.000000
767	-29.975824	-0.003156	1000.000000
768	-28.331369	0.021108	250.000000
769	-20.115122	-0.016262	150.000000
770	-17.135344	-0.013873	300.000000
771	-16.368404	0.019639	350.000000
772	-15.600060	0.004734	350.000000
773	-15.178404	-0.013585	350.000000
774	-15.009781	-0.007352	350.000000
775	-14.276831	-0.016541	300.000000
776	-14.434206	0.014725	300.000000
777	-17.699434	0.004393	300.000000
778	-27.284309	-0.003989	150.000000
779	-29.218765	0.008738	200.000000
780	-31.931784	0.001821	450.000000
781	-39.283871	-0.000592	550.000000
782	-39.149803	-0.000855	450.000000
783	-41.625851	-0.000826	750.000000
784	-41.745773	0.004668	950.000000
785	-40.211029	-0.000529	1050.000000
786	-43.318657	-0.000304	800.000000
787	-21.090696	-0.004988	450.000000
788	-32.238155	-0.000309	750.000000
789	-40.719238	0.003463	900.000000
790	-21.746950	0.001802	550.000000
791	-22.325901	0.013041	600.000000
792	-23.062901	-0.029343	500.000000
793	-19.723082	-0.002198	650.000000
794	-18.639826	-0.005060	350.000000
795	-17.771673	0.004751	300.000000
796	-19.634449	0.006206	400.000000
797	-22.225891	0.002022	200.000000
798	-24.095007	0.002285	450.000000
799	-23.865349	0.000507	400.000000
800	-22.046309	-0.002718	300.000000
801	-20.321911	0.002764	200.000000
802	-18.742184	0.004024	200.000000
803	-18.573130	-0.001780	300.000000
804	-17.869875	-0.012013	300.000000
805	-17.084978	-0.004535	300.000000
806	-18.150856	0.017006	350.000000
807	-23.321062	-0.008887	50.000000
808	-29.533136	0.012446	400.000000
809	-26.533815	-0.000017	550.000000
810	-31.083069	-0.001042	1750.000000
811	-38.178535	-0.007442	2500.000000
812	-40.301514	0.003954	2950.000000
813	-32.564739	0.016128	1450.000000
814	-31.678343	-0.005322	4300.000000
815	-26.546658	-0.018267	5000.000000
816	-20.954189	0.028502	1250.000000
817	-14.164702	0.012379	200.000000
818	-23.393763	-0.039095	650.000000
819	-13.927758	-0.029787	100.000000
820	-14.003321	0.045017	200.000000
821	-19.037077	0.001912	350.000000
822	-19.949709	0.000654	100.000000
823	-24.512167	-0.016026	700.000000
824	-23.855259	0.016397	2500.000000
825	-25.348583	-0.002432	3200.000000
826	-27.790600	-0.006520	2600.000000
827	-31.176130	-0.004155	3000.000000
828	-32.132874	-0.006690	250.000000
829	-33.892143	0.017686	300.000000
830	-38.346706	-0.001787	300.000000
831	-39.230560	-0.005795	400.000000
832	-40.717186	-0.003573	550.000000
833	-41.701683	0.006231	300.000000
834	-43.990288	-0.001057	1000.000000
835	-21.076593	-0.057563	350.000000
836	-11.339672	0.131009	100.000000
837	-13.865296	-0.106564	300.000000
838	-16.427088	0.006584	450.000000
839	-15.312683	0.032160	450.000000
840	-15.948268	0.016501	500.000000
841	-17.422434	-0.012296	400.000000
842	-24.381207	0.002682	300.000000
843	-25.732704	-0.031027	50.000000
844	-22.876282	-0.009482	800.000000
845	-14.297971	0.127747	450.000000
846	-14.706544	-0.135335	100.000000
847	-23.562391	0.000041	200.000000
848	-34.561214	0.008926	1650.000000
849	-26.729597	0.041057	600.000000
850	-29.975357	0.005756	4450.000000
851	-27.682999	-0.020806	3350.000000
852	-29.100498	-0.016081	2000.000000
853	-12.375216	0.167763	250.000000
854	-10.010105	-0.237733	350.000000
855	-18.430185	0.058434	350.000000
856	-16.870485	0.029611	350.000000
857	-14.968462	0.025446	300.000000
858	-15.519959	-0.001090	300.000000
859	-15.382154	-0.012193	250.000000
860	-16.180527	-0.013790	400.000000
861	-18.084274	0.002787	250.000000
862	-19.604599	0.002742	300.000000
863	-21.443789	0.008817	450.000000
864	-25.321705	-0.027385	750.000000
865	-24.495058	0.009824	150.000000
866	-26.905857	0.003887	200.000000
867	-34.093094	-0.006611	350.000000
868	-28.055969	0.009687	200.000000
869	-27.765833	-0.004779	200.000000
870	-38.428844	-0.003332	550.000000
871	-32.705055	-0.000906	100.000000
872	-33.580872	0.002139	300.000000
873	-32.871788	0.000348	100.000000
874	-36.077480	0.000199	150.000000
875	-41.007927	-0.000283	500.000000
876	-42.455379	0.001312	400.000000
877	-44.286972	0.001166	350.000000
878	-43.602661	0.000651	750.000000
879	-42.495876	-0.002060	1250.000000
880	-46.129833	0.000350	1750.000000
881	-45.381073	0.002565	1850.000000
882	-43.469231	-0.002406	1300.000000
883	-42.300686	0.003086	1100.000000
884	-44.065945	-0.002490	1000.000000
885	-45.610657	0.002377	1700.000000
886	-42.072189	-0.000166	1200.000000
887	-33.132122	0.002763	450.000000
888	-37.199558	-0.003826	700.000000
889	-47.782299	0.000466	1700.000000
890	-42.779964	-0.004238	850.000000
891	-44.642044	0.001898	900.000000
892	-43.925274	0.003270	1450.000000
893	-45.791992	0.001762	1300.000000
894	-42.409161	0.000588	750.000000
895	-42.953495	-0.005615	750.000000
896	-45.145756	-0.002562	1500.000000
897	-41.684536	-0.001260	350.000000
898	-41.643562	0.005854	550.000000
899	-37.887146	0.002519	950.000000
900	-42.249367	-0.003543	850.000000
901	-43.858501	-0.000217	750.000000
902	-45.183514	0.002586	950.000000
903	-49.254456	-0.000365	1250.000000
904	-46.575211	-0.001367	1050.000000
905	-46.169514	-0.001596	900.000000
906	-46.159363	-0.001211	850.000000
907	-45.609226	0.003014	500.000000
908	-48.746475	-0.000542	1450.000000
909	-48.359043	-0.000332	1550.000000
910	-45.836159	0.000652	1100.000000
911	-48.118343	0.001549	1800.000000
912	-49.808205	-0.000944	1850.000000
913	-46.822254	-0.000429	1100.000000
914	-46.864784	-0.002362	850.000000
915	-46.481361	0.002301	1350.000000
916	-47.964268	0.001900	1600.000000
917	-46.744923	-0.002994	1350.000000
918	-48.250965	-0.000885	1550.000000
919	-47.940636	0.000340	1100.000000
920	-46.354000	0.001564	850.000000
921	-45.369564	0.000627	600.000000
922	-48.267010	-0.000551	1050.000000
923	-48.635876	0.000222	1650.000000
924	-48.482590	0.000191	1150.000000
925	-47.410557	0.002192	1450.000000
926	-48.880371	-0.001336	1550.000000
927	-45.962734	-0.002552	900.000000
928	-46.622341	-0.000840	1700.000000
929	-42.791172	0.003464	950.000000
930	-46.491692	-0.000679	800.000000
931	-45.941891	-0.002033	750.000000
932	-48.089127	-0.001134	1400.000000
933	-46.705624	0.001517	1100.000000
934	-47.925102	0.002353	950.000000
935	-47.618221	0.000612	1300.000000
936	-45.642536	-0.003576	1000.000000
937	-47.585083	-0.001438	1000.000000
938	-45.658661	0.001626	900.000000
939	-47.843868	0.001069	1350.000000
940	-48.412853	-0.000216	1550.000000
941	-46.083755	-0.001187	1150.000000
942	-45.146851	0.002167	750.000000
943	-46.750286	0.000449	1650.000000
944	-46.108490	0.000305	1150.000000
945	-44.876579	-0.002126	1100.000000
946	-49.118107	0.001713	1400.000000
947	-48.238937	-0.000942	1700.000000
948	-47.921856	-0.002098	1500.000000
949	-47.590199	0.001207	1200.000000
950	-47.182220	-0.000005	1250.000000
951	-45.653465	0.001553	400.000000
952	-46.330700	-0.002218	900.000000
953	-49.131416	-0.000374	1300.000000
954	-48.558365	0.001340	1000.000000
955	-44.261032	0.002422	900.000000
956	-47.167110	-0.001717	1250.000000
957	-47.101269	-0.001908	1200.000000
958	-48.116085	0.001508	1750.000000
959	-48.166241	0.001137	1700.000000
960	-45.615475	-0.000321	600.000000
961	-47.073261	0.000475	1200.000000
962	-46.792637	-0.000972	1200.000000
963	-49.477966	0.001624	1300.000000
964	-47.653076	0.000661	1150.000000
965	-47.086582	-0.000755	950.000000
966	-48.251640	-0.001759	1050.000000
967	-47.414997	0.000054	1300.000000
968	-49.563320	0.000814	1800.000000
969	-49.393314	-0.000246	2150.000000
970	-45.737053	-0.002827	1100.000000
971	-42.985031	-0.000574	650.000000
972	-46.188431	0.002612	1050.000000
973	-47.803307	0.001677	1500.000000
974	-50.085278	-0.000512	2150.000000
975	-48.327374	0.000295	1650.000000
976	-48.765709	-0.001126	1550.000000
977	-48.642567	0.000213	1000.000000
978	-47.294693	0.000848	1450.000000
979	-49.856125	-0.000654	1400.000000
980	-47.942509	-0.002600	1450.000000
981	-47.233921	0.001460	1250.000000
982	-49.571228	0.001735	1650.000000
983	-46.864902	-0.002143	1050.000000
984	-51.223778	-0.000292	2150.000000
985	-47.766541	0.001427	1450.000000
986	-46.068138	0.001603	1000.000000
987	-48.044647	0.000010	1200.000000
988	-48.521755	-0.001202	1500.000000
989	-48.521595	-0.001533	1700.000000
990	-46.121208	0.001821	1250.000000
991	-49.378574	-0.001130	1300.000000
992	-45.706650	-0.000674	1350.000000
993	-48.475689	-0.000484	1650.000000
994	-46.997223	0.000552	1100.000000
995	-49.222984	0.001287	1150.000000
996	-43.910706	0.001224	400.000000
997	-48.537346	-0.000595	1550.000000
998	-49.446148	-0.000929	1300.000000
999	-47.492001	0.001266	1000.000000
1000	-44.400166	-0.003239	1300.000000
1001	-49.011078	0.000090	1500.000000
1002	-46.536507	0.002353	1200.000000
1003	-45.867664	0.001137	1050.000000
1004	-50.767654	0.000459	1800.000000
1005	-48.623840	-0.001445	1250.000000
1006	-47.634766	-0.002690	1200.000000
